{
 "width":1024,
 "height":768,
 "top":24,
 "left":112,
 "bottom":24,
 "right":112,
 "opacity":1,
 "messagex":0.220000,
 "messagey":0.120000
}