{
   "width":720,
   "height":480,
   "top":6,
   "left":48,
   "bottom":8,
   "right":51,
   "opacity":1.0000000,
   "messagex":0.220000,
   "messagey":0.120000
}
