{
 "width":720,
 "height":720,
 "top":90,
 "left":0,
 "bottom":90,
 "right":0,
 "opacity":1.0000000,
 "messagex":0.220000,
 "messagey":0.120000
}