{
 "width":720,
 "height":480,
 "top":0,
 "left":94,
 "bottom":0,
 "right":94,
 "opacity":1.0000000,
 "messagex":0.220000,
 "messagey":0.120000
}