{
   "width":1024,
   "height":768,
   "top":92,
   "left":0,
   "bottom":92,
   "right":0,
   "opacity":1.0000000,
   "messagex":0.220000,
   "messagey":0.120000
}