{
 "width":720,
 "height":480,
 "top":11,
 "left":56,
 "bottom":11,
 "right":56,
 "opacity":1.0000000,
 "messagex":0.220000,
 "messagey":0.120000
}