{
 "width":720,
 "height":720,
 "top":0,
 "left":130,
 "bottom":0,
 "right":130,
 "opacity":1.0000000,
 "messagex":0.220000,
 "messagey":0.120000
}