{
   "width":1024,
   "height":768,
   "top":56,
   "left":0,
   "bottom":55,
   "right":0,
   "opacity":1.0000000,
   "messagex":0.220000,
   "messagey":0.120000
}