{
   "width":640,
   "height":480,
   "top":40,
   "left":0,
   "bottom":38,
   "right":0,
   "opacity":1.0000000,
   "messagex":0.220000,
   "messagey":0.120000
}