{
   "width":640,
   "height":480,
   "top":23,
   "left":30,
   "bottom":23,
   "right":30,
   "opacity":1.0000000,
   "messagex":0.220000,
   "messagey":0.120000
}