{
   "width":640,
   "height":480,
   "top":24,
   "left":72,
   "bottom":24,
   "right":72,
   "opacity":1.0000000,
   "messagex":0.220000,
   "messagey":0.120000
}