{
   "width":640,
   "height":480,
   "top":12,
   "left":78,
   "bottom":12,
   "right":78,
   "opacity":1.0000000,
   "messagex":0.220000,
   "messagey":0.120000
}